Mean: 24.500000	Standard Dev: 21.868927
Mean: 0.500000	Standard Dev: 127.500000
Mean: 17.000000	Standard Dev: 0.000000
